height	snp1	snp2	snp3
175.18279498415	1	1	0
176.634060363357	2	0	1
171.518893361264	1	0	1
182.658458530519	0	2	1
175.931606812048	2	1	1
172.288448216514	1	0	1
176.505717796335	2	2	1
178.974768201087	0	2	0
175.59911213672	1	0	1
174.464956604742	0	0	1
175.18194443184	0	1	2
173.299335536078	1	0	2
178.024809639758	1	1	0
175.708050088439	2	1	1
177.617492863861	1	0	0
175.260530098806	1	1	2
175.515781976832	0	2	1
176.014420878225	2	1	1
173.636591516891	2	1	0
175.380765902519	0	0	0
177.771228730823	0	1	2
174.20320953217	2	0	1
179.064195974894	1	2	1
178.259550419107	0	2	1
176.732777239795	0	1	2
175.133244134862	1	1	0
177.0133101888	0	0	2
173.71573770596	2	1	0
171.071964641419	2	0	1
174.812709960831	1	0	0
173.070695500211	0	1	2
172.897384904489	2	1	1
176.509823307056	2	0	1
177.359922086642	0	1	2
179.941968962114	1	1	2
176.435291402333	2	1	0
173.787053162164	1	1	2
177.732217437506	2	1	2
174.649960791325	0	1	0
181.070866604115	0	2	2
178.376453403014	1	1	1
175.010209998766	0	2	2
177.608034086916	1	0	0
174.302747650408	0	0	0
176.324648100398	1	1	0
180.524828676432	1	2	1
176.724458873063	2	1	1
175.541867251174	0	2	2
175.320815525741	2	0	1
178.253062617751	2	2	1
177.012475128537	1	0	1
175.736487319742	2	0	1
179.801343173498	0	2	1
173.763920317357	2	1	1
176.878427319926	0	2	2
177.749905539373	0	0	0
173.701304264692	1	1	2
174.868034168823	2	1	1
176.088241467483	2	1	0
175.296044376386	1	0	0
176.796681742752	1	0	1
173.164972821829	0	1	1
177.107429285374	1	0	1
174.484511631238	1	0	0
174.5519554274	1	1	1
177.685913985144	2	1	2
175.108957752821	0	1	0
176.243931066473	2	2	0
174.538487538429	0	2	1
173.059339111972	2	0	1
175.174832630085	2	2	1
172.885725462167	0	1	0
174.787053758634	1	1	1
178.130654204707	2	2	2
174.627743448443	2	1	2
173.06553353301	1	1	0
174.605563131391	2	0	2
175.610204994311	1	1	1
173.934737109217	0	1	0
177.923227171581	0	1	0
177.045899767072	2	2	0
177.245570590826	0	1	2
178.389462124429	1	1	2
173.554195768116	1	1	1
172.225922130177	0	1	0
177.09595855266	2	1	0
174.787504078912	1	1	1
175.121826300287	2	2	0
175.307189445125	2	1	1
178.695797022547	0	1	1
174.875065838189	2	1	0
176.812157086862	2	1	0
173.841199893197	1	1	2
175.311952228586	1	2	0
176.597998721981	2	2	2
176.083998617138	0	2	2
173.301907779091	1	1	0
178.641565664345	1	0	1
171.702577101913	0	1	0
175.857341081925	1	1	0
178.137864823447	2	1	2
173.111544576402	1	1	0
175.756405604076	2	2	0
175.195204230828	0	1	1
176.632468046821	0	2	2
177.729509234847	1	2	1
179.780885114474	1	2	1
176.94715428997	1	2	1
174.899433982488	0	1	0
174.605403085376	0	1	1
176.036452200407	0	1	0
176.936511533503	1	0	1
174.903429153691	0	2	0
177.037019153635	2	2	1
174.212979043992	1	0	1
175.022817822986	0	2	1
176.356119652696	0	2	2
174.265666915755	1	1	0
176.510679811938	2	0	1
176.360332181939	1	2	1
177.310338176582	2	1	2
174.9081546819	1	0	1
173.681868610439	1	0	0
173.670100575805	1	0	2
174.244275607972	0	0	0
179.32603803733	1	1	0
176.653007854921	1	1	2
174.3372213553	0	2	2
173.321493625613	2	0	2
174.54700968407	1	0	1
172.793766814781	0	0	2
176.148323464838	2	2	1
174.538727778466	0	1	0
174.542795843343	1	0	1
176.810112193333	0	1	1
172.874134470428	1	2	0
175.388467187653	2	1	2
177.876417257032	0	1	0
177.668917067287	0	1	1
175.262057431808	2	1	2
173.339577270603	1	2	1
173.932132209878	2	0	0
175.647482485155	2	2	1
178.436478978656	1	2	2
173.973093650296	1	1	0
175.663250258091	0	1	1
174.976050174729	1	1	2
173.886813852564	0	0	2
176.667671174301	0	1	2
174.114131053038	0	0	0
180.838349129826	1	2	1
175.200120766762	0	0	0
176.770327348161	2	1	1
173.220266687326	1	2	1
176.201447371937	0	2	1
179.544327808602	1	2	0
179.242418643436	1	1	1
175.182512922055	1	1	1
175.038317782432	1	2	0
174.357799209335	2	0	2
177.871572996896	1	1	1
178.393390750315	1	1	2
172.585726437822	0	0	0
180.278577014651	2	0	1
176.788338834033	1	2	1
178.259861842768	1	2	1
177.606512884256	0	0	1
176.481142321205	1	1	0
174.971536127161	1	1	0
176.55494001313	1	1	1
177.820708332261	2	2	2
176.493817879075	0	1	1
175.218934085242	1	2	2
177.731502324697	1	2	1
176.126325749452	2	1	2
170.942285205985	2	0	2
177.190282103122	1	1	1
172.201776398355	1	1	0
175.500506417428	0	1	2
175.402680632976	0	0	1
177.542693567018	2	1	0
173.155766860839	1	0	2
176.104673244141	1	0	1
175.590308700056	1	0	2
175.271348959307	0	2	2
181.24169824418	1	2	1
175.564019896253	2	1	1
177.874461129853	2	1	1
176.18155078683	2	2	2
173.156282665086	2	0	1
178.01218184714	1	1	1
177.846939895733	1	1	1
173.463031410599	2	0	2
176.894872735015	1	2	1
178.012732433826	1	2	1
180.743796641476	1	1	1
173.86782933425	1	1	2
175.317113512563	1	1	1
174.728309224039	1	0	2
173.125425745975	2	0	1
175.617280973315	1	1	1
176.409813927667	1	0	1
171.898137393419	1	0	1
175.028606166026	1	2	2
171.905179324186	0	1	1
175.923116508475	1	1	1
177.137638597922	2	1	2
175.615749618685	1	1	2
178.544481961562	1	1	0
179.710977340326	1	1	1
175.305585228583	2	0	0
174.401349693845	0	1	2
179.924559516089	1	2	2
176.903585981763	0	1	1
177.783054384471	0	2	2
178.598329458847	1	1	2
174.960725320391	0	2	1
175.968326912952	1	2	1
181.691398757414	1	2	0
176.773019341799	1	1	2
172.24004317011	1	0	1
176.676996464541	1	2	1
176.566260644081	2	0	2
176.862159354841	0	1	1
178.025595507079	0	1	2
175.581478645097	0	1	1
173.492131498868	1	1	1
175.30886068852	1	1	0
180.978352201746	2	2	1
178.26006115402	1	1	2
176.504850626853	1	0	0
174.469732170805	1	1	1
174.637364340709	0	0	1
174.636264787348	0	0	2
176.245206346617	1	1	2
173.235747261426	1	1	1
174.809582905917	0	2	1
176.147401332909	1	2	1
172.721709567631	1	1	1
179.884920177704	1	1	1
176.853545453295	0	0	0
176.486715454953	2	2	0
177.199313505918	0	1	0
176.789091249135	0	1	2
177.959467765713	2	1	1
176.059589052251	2	0	1
174.795606198455	1	0	2
176.706618933408	1	0	1
177.03972146571	1	0	1
176.826486061451	2	1	0
174.702303694461	0	1	1
177.189031116137	1	2	1
176.907787943946	1	2	2
177.95478212994	2	0	1
176.104697264536	1	1	2
177.023267493585	1	1	2
176.565640159044	0	1	1
171.573090970137	2	1	1
178.115848546484	2	2	1
176.244057364316	1	0	2
176.827516856208	1	0	2
174.863988159159	1	2	1
175.692292105596	2	1	1
172.754019965365	1	1	2
178.359452380829	1	0	2
175.520432330759	1	1	1
175.016760434585	0	1	1
179.394402900902	2	1	1
175.945928212736	0	1	2
177.723845828717	1	1	2
177.019456222983	1	0	1
176.341237294457	1	1	0
171.661846016744	1	0	1
170.307407864368	1	1	0
175.092667862553	0	0	1
175.689094968362	2	0	1
175.322409921422	1	0	0
175.916902940514	0	2	1
173.525111094885	2	1	1
176.368085506919	0	1	1
176.784016448186	1	0	1
177.069690518557	2	2	1
176.897925194904	1	0	2
174.424917484363	1	1	2
171.114508313325	1	0	0
178.304064429001	2	1	2
175.057338797905	2	0	1
179.515191347081	1	2	1
175.108083928926	2	0	2
176.540072301451	1	1	1
176.765517957292	1	1	2
177.51782185466	0	2	1
178.483256713562	2	1	0
176.463284755216	1	1	1
175.419845444132	0	1	2
176.411416136419	2	1	0
179.092978366544	1	1	1
177.718906493558	1	1	1
174.354479465061	1	0	1
179.771818914529	1	1	0
176.667230388254	1	1	1
174.587448494068	1	0	0
175.643923896809	1	2	1
173.678881018722	1	0	1
175.872936213474	1	1	1
175.436029575174	1	1	1
173.279276418026	1	1	0
174.818537799618	0	0	1
175.727317128235	2	1	0
175.702409693316	1	1	1
177.31561567178	2	2	0
177.139648887471	2	2	0
176.52098821332	0	0	1
177.717575812877	1	1	1
178.143171157053	1	2	1
175.653836847963	1	0	0
174.785831775717	0	1	1
173.762874667928	2	2	1
180.507629764078	1	1	2
174.916725102074	1	1	1
173.990762381107	0	1	2
175.984100768464	1	1	1
177.259681970281	1	1	2
176.002124574306	2	1	1
173.73595572269	2	0	1
178.28106891969	0	1	0
173.158221426136	0	0	1
177.705050704857	1	2	1
178.530961676175	0	2	0
177.386753114959	1	2	1
176.381614067856	1	1	1
175.991878090212	0	1	1
176.25665181411	1	2	0
176.466140527572	2	2	2
173.913510198746	2	2	1
172.759354604475	1	0	1
175.903896552514	1	1	1
171.841284009328	0	0	0
173.802528738005	1	2	1
176.05643757791	1	1	1
175.763546590754	1	1	1
175.819340002151	0	1	1
176.666312584629	0	1	1
175.123207618976	2	1	1
173.807195414598	0	2	0
175.797829521019	0	2	2
177.27756995367	0	0	1
177.590760388337	0	1	1
175.821980894696	1	0	2
179.703478532841	1	1	1
170.944224133718	2	0	1
174.517965698091	0	1	1
174.970498106023	0	1	0
177.034054436339	0	1	0
178.516646804043	1	1	2
172.375759206287	0	1	1
173.712619073304	2	1	1
174.774064727764	2	0	0
173.458919250589	1	0	1
172.9519731744	0	2	2
177.102885938644	2	1	1
176.269867298079	1	0	1
175.456934150021	1	1	1
178.759828337982	1	0	2
179.029340191164	2	1	0
175.004638754168	2	2	2
175.284731553445	0	0	2
175.202990955438	2	1	0
179.104405700069	1	2	0
174.747956517251	1	1	1
176.131442527033	2	2	0
176.082292785929	1	1	1
178.600489725661	1	2	1
180.239234431788	1	0	2
175.177415323845	1	1	2
176.937559721708	0	1	1
175.455024193262	2	2	1
180.555424701308	2	2	1
173.729995113371	1	0	0
178.450051442713	2	2	1
173.840078014656	2	2	2
177.321001450318	2	1	2
174.52311552022	2	1	1
173.406288989286	2	0	0
174.590876586897	1	1	1
176.120228171579	2	1	0
171.396434758084	2	0	2
175.003499092142	1	1	1
177.389586733361	0	1	1
176.441603497196	1	1	1
178.297235275602	1	1	1
174.764092474275	2	1	1
176.47085549831	0	2	0
175.707065443461	1	0	2
178.980522021206	1	2	1
176.598282955568	1	1	2
181.052073763115	2	2	1
176.300011831974	1	1	1
174.59134025592	2	1	1
179.176862969443	1	2	1
177.864477607349	1	2	0
174.368411179714	1	0	1
171.761085651294	0	1	0
179.992228912541	0	1	0
177.888681808764	0	2	1
176.258749376981	1	1	1
174.590086810862	2	1	1
174.485872595636	0	0	1
175.487364281699	2	1	1
170.024309078388	1	0	1
174.354570268685	0	1	1
175.983997047816	2	1	0
178.409463338922	2	2	0
174.435057112727	2	2	2
174.741763189586	1	0	0
174.670673347817	0	1	0
178.787680168865	2	1	1
173.994223361862	1	2	1
174.553094672026	1	0	1
172.608467262168	0	0	1
175.313884965352	1	1	1
174.064770108516	0	1	1
178.741174575681	2	1	1
178.897244160024	1	1	0
175.958416033568	1	1	1
176.1585201808	2	2	1
175.837002961659	0	1	2
175.38063517837	1	1	1
174.546793511606	1	1	1
177.831780117863	1	2	1
176.887713214745	0	1	1
177.207653910688	2	1	1
177.393679641712	1	1	0
177.759857891333	1	1	2
173.394552146471	0	1	1
180.134614808467	2	1	0
176.75554001663	1	2	0
174.170961524522	2	2	1
173.62477415146	1	1	1
173.763289410371	1	1	0
177.455825864813	0	1	2
174.611471980021	0	2	1
174.687026992673	1	1	1
176.313869828354	0	0	1
176.478368723736	2	1	0
174.515424135855	0	1	1
174.905137356996	1	1	0
171.873838296218	1	1	0
177.39981959464	0	0	2
175.534814868811	0	0	1
176.581608662396	1	1	2
178.853278014235	0	2	2
174.353481149778	2	0	0
174.168845007539	2	0	0
179.186430114868	1	2	1
175.849829717209	1	1	1
177.414620789631	2	1	1
176.069334483739	1	1	2
174.665535694455	1	1	2
173.125323156066	1	0	1
173.108315927577	2	1	2
174.089262399228	1	1	2
174.832240049173	1	2	1
177.059642411413	0	1	1
179.062913970401	1	2	2
178.078149984102	2	1	1
174.881205836943	1	1	1
176.00852947499	1	1	2
176.182543778305	1	0	1
170.927923394498	0	0	0
174.177073731734	2	0	1
173.219789712352	0	0	1
176.178825033633	1	2	2
175.995916370332	2	1	1
175.830193823992	1	1	2
172.519819413011	1	0	1
178.387488530862	2	1	1
178.100043094874	2	1	1
173.512599881413	1	0	2
177.938515902722	2	1	0
178.447754638925	0	0	0
173.671031841317	2	0	0
176.26925342699	0	1	2
174.020801648579	1	0	1
175.516219488876	0	1	1
176.073395953084	1	2	1
175.799608167941	0	1	2
182.885897689906	2	1	1
169.978576800272	1	0	1
175.223165941641	1	1	1
176.960794481462	0	1	1
173.693229273621	2	0	1
177.74103061511	1	1	0
174.212767008349	2	0	1
173.886591148891	2	0	1
176.083722150143	2	0	1
179.714712524746	1	1	0
177.561463092109	0	1	2
172.125501334984	1	1	1
173.42723042265	1	1	1
175.239890414361	1	1	2
175.469571347242	0	1	0
177.007795806184	1	1	1
171.605221683955	1	1	2
172.801333728888	2	0	1
176.058645675069	1	0	2
177.551480813504	1	1	1
175.651090575529	1	1	2
178.386983024317	0	2	1
175.18091938271	1	1	2
178.084877361138	2	1	0
177.243117470767	1	1	2
179.762135668032	1	2	1
172.466980273346	1	1	1
179.110415224114	1	2	1
179.589469781843	1	1	1
175.566702567831	1	1	1
177.985176786684	2	1	1
177.174298277861	1	2	1
174.117260353812	1	0	1
173.880046720726	1	0	1
179.580735548619	1	1	0
175.3527931353	1	2	2
176.946354446942	1	2	0
177.436404618102	1	0	2
175.078137759486	1	2	0
175.195979754764	1	0	2
176.917568897664	1	2	0
175.436270291338	1	0	1
173.154595790822	0	0	2
174.680797553846	1	0	1
176.09390907622	1	0	0
177.595512311518	1	2	1
174.95101054619	1	1	0
175.109273400674	1	0	1
172.127837898535	1	0	1
171.982799689336	1	2	2
174.306130591231	2	1	0
175.852915508682	0	1	2
178.399794840546	1	1	2
175.993273925575	2	1	1
181.190354090471	2	1	2
175.036653742202	1	0	2
171.34237919742	1	1	1
175.821027363386	0	0	2
178.391186778669	1	1	2
173.475510590148	0	1	1
173.834522902778	0	0	1
180.386278478926	2	2	0
179.865801610366	1	1	0
179.26605153468	1	1	1
176.400011665226	2	1	1
177.801169551261	0	1	1
179.226848489355	1	2	2
178.358464113456	1	2	0
176.448977090638	2	1	2
171.044507695623	0	0	1
179.257490404499	0	2	2
173.781785605673	0	0	0
177.952224878798	0	1	2
176.627942608265	1	0	0
174.864675176733	0	2	1
174.699120097466	0	1	1
177.803278051421	2	1	1
174.440368428336	2	1	0
172.4944895189	1	1	1
177.69582018131	1	1	1
179.106334103208	1	2	2
175.942520615829	2	0	2
181.659105423446	2	2	2
175.582104556969	1	1	1
175.377261509487	2	2	1
176.619221753819	1	0	1
176.520100689946	2	1	2
177.886982184562	2	1	0
176.043300818604	1	1	2
179.228894758783	1	1	0
175.307262263199	1	2	2
175.249010817107	0	0	0
176.103602700266	1	1	2
176.957506966928	1	0	1
177.486684874779	2	2	1
174.853725138105	0	1	0
174.919827437797	1	1	1
174.870545640932	2	0	1
178.666275722644	0	1	0
178.876120118022	2	1	0
176.163826972765	1	2	2
173.841581222976	1	1	0
178.185551316644	0	1	0
177.591974756749	0	1	0
173.285695955172	1	0	1
176.811797789682	1	1	2
171.937738982477	1	0	1
175.405944644358	1	1	2
171.472546877045	0	0	0
175.922263572772	2	1	1
175.481672239488	0	1	1
179.396365174723	1	2	1
174.706243292431	1	2	1
175.970999394189	1	1	2
173.090234358065	2	0	1
180.755699816514	1	1	0
177.780328992977	2	0	1
173.148311430962	1	1	1
176.708365420117	0	2	1
180.764626624453	2	1	2
180.548868114524	1	1	2
176.244087515287	0	1	1
178.190089958684	1	2	1
177.106970051432	0	0	0
173.904978808724	0	2	1
178.610150035515	0	2	1
176.887443367923	2	1	0
175.681965866365	2	1	0
176.090560116066	0	2	1
176.632990651363	0	1	1
177.140814230851	2	1	2
176.468109560527	1	1	0
178.788473840611	1	1	1
174.957630413835	1	1	2
178.926679365043	1	1	2
179.685688271358	2	1	0
178.59426666747	2	0	1
177.1362361649	0	1	0
176.63627988321	2	1	2
178.115059439506	1	1	1
171.903986485263	1	0	1
176.890001932682	1	1	0
176.484360176954	1	0	1
176.629146909343	1	1	0
176.52853983635	2	2	2
175.938040454095	1	0	2
176.526023878986	0	1	1
174.603464340235	1	2	1
177.00494614813	0	0	1
175.200513317769	1	1	1
177.694758273788	0	2	1
177.772961342888	2	1	2
172.001938474289	2	1	0
176.599411299803	1	1	1
174.241937749988	1	1	2
175.410541670668	0	2	2
179.138328526091	1	0	2
177.909950883506	2	1	2
175.696341015466	1	1	2
174.941576360912	2	1	2
174.043904741543	0	0	1
176.133451021358	2	0	2
178.820349924203	1	1	0
178.3501829325	0	2	0
176.483480304081	0	1	1
177.331608439988	1	2	1
175.959882648195	1	1	2
175.122312412645	1	2	1
173.647879167481	0	1	1
176.071641003448	1	2	0
174.723008949832	2	0	1
177.030612504119	1	1	1
175.087170732383	1	0	1
179.01894038631	1	1	2
178.626689529547	1	0	0
176.829759404463	0	2	2
174.217025177137	2	1	1
176.98015152057	2	1	1
175.541807506252	1	2	1
175.873161418374	0	1	0
174.720204273488	2	1	1
174.000228602555	1	0	1
176.098638186779	0	0	1
175.747912620285	0	1	1
178.098144614961	0	1	0
175.725586723739	0	0	2
175.174871917273	1	0	1
178.726536736239	1	1	1
176.396538645063	1	1	1
172.841642633784	1	0	0
173.898562352037	1	0	0
174.025531985355	2	0	1
173.554164768043	0	0	0
174.174152677265	2	0	1
171.518762225038	1	1	1
178.869389750968	1	1	1
172.928928772231	1	1	1
174.242787139766	2	1	1
172.44755985061	2	2	1
174.174140531085	0	1	1
175.901242450209	0	2	1
176.219093837637	1	2	0
176.156256041307	1	0	1
174.714217348499	0	1	0
173.722615888774	2	0	0
176.509149329023	0	1	2
175.559292214644	1	1	0
178.82959965377	1	0	2
179.098823150273	0	1	1
177.052416646413	1	2	0
175.014061235265	1	0	1
173.993626913519	1	2	0
175.092142754632	1	0	2
178.657994831024	0	1	0
178.318996327393	2	1	0
175.621766775508	0	1	1
176.194694363343	0	1	1
176.4982007249	1	2	2
177.103222249386	1	1	1
176.507448097853	0	1	0
176.841280658441	0	1	0
180.20999991455	1	1	2
174.862265359903	2	0	1
174.124988982768	0	0	1
176.861683937017	1	1	0
177.252843355211	0	2	1
178.917989802618	2	0	2
173.776380460036	2	0	1
174.254455225745	1	0	1
183.201385390697	2	1	2
179.998524006725	1	2	0
180.274911250608	1	1	1
171.642005265136	1	1	2
175.993395818391	1	0	2
176.263899354479	1	0	1
175.626304408141	0	1	1
174.860065030009	2	0	2
180.281526804058	0	1	2
175.39504051342	2	2	0
174.311975548776	2	0	1
170.146988714024	1	1	2
178.194923521213	1	1	2
176.824106670722	1	1	2
175.255085065706	1	1	2
175.304834019055	1	1	1
174.122774188515	2	1	1
174.217774563072	2	0	2
174.503556403023	0	0	2
175.459710864684	1	1	0
177.585092899733	1	1	0
178.181748283677	0	2	1
175.478443758136	1	1	1
173.246786549526	0	0	0
172.936113006769	2	1	1
173.726713184466	0	0	2
175.923624740215	1	2	0
177.473855991537	0	1	1
175.340121809936	2	2	0
174.857163472908	1	0	1
173.674776624689	0	0	1
176.012223763414	1	0	1
181.407485628531	1	2	2
172.691718925506	2	0	1
174.695445197422	2	1	1
175.802874364677	1	1	2
178.127314405015	0	2	1
174.871121338331	0	0	2
177.148253070743	2	0	0
177.736077626258	0	1	1
175.012436215146	1	0	0
175.192304363046	2	1	1
174.372224751678	1	1	1
175.662775952283	0	0	0
176.877362943399	2	0	1
176.139115200309	0	1	0
176.238735918754	0	1	0
175.253136080967	0	1	2
176.063872075245	0	1	1
175.868371780376	0	1	1
179.032183842416	1	0	1
172.806049067172	1	0	0
173.303044719155	1	0	1
176.637645162813	1	1	0
176.14388498305	1	2	1
178.915055192735	1	1	1
174.724325157108	1	1	1
178.803848864978	0	1	0
173.500594050572	1	1	0
175.763151699907	1	1	1
172.128760019198	1	0	1
173.791459015999	1	1	1
180.120304778973	1	1	0
173.189548339936	0	1	0
173.760277911661	2	0	0
177.252284135779	1	1	2
173.880042429723	0	0	1
176.887945500849	1	1	2
175.581491241255	1	1	1
174.218068796848	1	0	1
173.112643847449	0	0	1
177.499291645284	1	2	1
171.392480441459	1	0	1
171.5975516519	1	1	0
178.396833633145	0	1	0
171.734994095723	2	1	1
175.295402030527	1	0	0
174.331843261708	1	2	1
176.599086770988	1	2	2
174.150424816291	2	0	0
174.42979456771	1	0	0
173.160036333543	1	2	1
178.602175268159	0	0	1
177.023194932038	1	1	0
175.85023823425	1	1	1
175.562493872095	0	0	1
179.380943884704	1	1	1
181.189617607647	1	2	2
175.042071339867	0	0	0
177.819284588851	1	2	0
174.73576887371	2	2	1
177.422433018682	1	2	1
178.325278359735	2	2	1
176.72648717887	1	0	1
178.514728441446	1	1	0
173.642027842358	1	0	2
179.032629468387	2	1	2
171.944771894929	1	1	2
173.933211866059	2	1	2
177.199790769748	1	1	1
174.613906413573	0	1	1
180.365163491729	1	1	0
176.868563520417	2	1	2
173.747368013002	1	1	2
172.579771061876	1	0	1
179.48049817016	1	2	0
174.516901308609	1	1	0
179.473393591969	0	1	2
177.135894019002	1	2	1
174.656554323184	2	0	1
179.32723929366	1	1	1
175.599916637186	0	1	1
174.820242157534	1	0	0
175.158274219168	0	2	1
177.002824139069	1	1	0
177.461132527198	2	1	1
177.23054218602	0	2	0
176.47847101176	0	2	0
174.412296532248	1	1	2
177.531413980897	0	1	1
176.924413578297	0	2	2
175.667520549901	2	1	1
178.368519561543	1	1	2
179.001584612176	1	2	1
176.48512125158	1	0	2
176.998937182273	2	1	2
174.673846574854	1	1	1
178.797514105825	1	0	1
178.248209875455	0	2	1
177.568637931408	1	1	1
179.051371309144	1	2	2
176.10263055867	0	1	1
175.559887372995	1	2	1
175.369827735474	1	1	2
179.245431498192	0	2	1
176.486381842214	2	1	1
177.729523667161	1	0	1
174.967426457149	1	1	0
180.393795921301	1	1	0
179.803722839825	1	2	1
174.6001970641	1	1	1
178.441199342464	1	1	1
177.938689061034	0	1	1
172.80044760903	1	0	1
174.985136962019	2	0	1
176.571131164784	1	1	1
179.104073232491	1	0	0
174.787528337883	1	1	1
181.162061606827	0	1	0
180.55698410817	1	2	1
174.494234747058	1	1	0
174.776396995789	1	1	1
175.25905155488	1	0	1
174.997642980993	2	0	0
176.903122662579	0	1	1
175.664315220175	1	1	2
178.283506980978	1	1	1
177.855913765562	0	1	1
178.034118464169	1	1	2
176.297970632877	2	0	0
179.307449865282	0	1	1
173.174090395155	0	1	1
177.299543445393	1	1	0
177.605604552403	1	0	1
176.472076406842	1	1	1
176.792236074251	0	2	0
178.822859707461	0	2	2
179.371639978369	1	2	0
176.199343840096	2	1	1
173.677470069554	2	1	1
174.434222138493	1	0	2
177.193339046977	0	1	1
176.893646364612	2	2	2
176.481474188	0	2	1
172.965215029639	0	1	2
176.983450830899	1	1	1
177.590525659444	1	0	2
175.886148031895	2	1	1
173.423987199917	1	0	1
174.386028640585	0	1	1
177.928238138619	1	1	1
175.18470269256	0	1	2
173.908985585224	1	1	2
178.619770839074	0	2	1
179.098455581234	2	1	0
175.175012165689	2	1	2
178.842774105974	1	1	1
175.724738434895	2	1	1
175.307415013701	2	2	2
172.329189864539	2	1	1
176.842398779329	2	0	0
176.270432333908	2	2	1
175.777331102957	2	0	1
177.303594778212	2	2	1
173.940892870617	2	0	1
173.465800295174	2	1	0
177.630564249182	2	1	1
176.437824979455	1	1	1
173.876043762123	1	1	0
173.827458145847	2	2	1
175.555996228169	0	1	1
175.414370306	0	1	1
172.438906225842	0	0	1
178.23389031111	0	1	1
175.651330304658	1	0	1
176.586828171039	1	2	1
174.29695033372	1	0	1
177.204470509207	1	1	0
173.050544438985	1	0	1
178.636384758226	1	0	1
177.936457482202	1	1	2
176.964357873219	1	1	1
177.795924901105	0	2	0
180.259528375332	1	2	1
175.021425834664	1	1	0
173.307476708283	0	0	1
175.789793124472	0	1	1
174.0964404191	1	1	0
177.76943872533	0	0	2
183.699723466469	1	1	1
175.958267806959	2	1	2
172.651047446138	2	1	1
174.69542673057	0	0	2
175.694670911569	2	2	1
174.136603799443	0	1	0
176.611254904353	1	1	2
176.189909743536	1	2	2
175.593641473027	2	1	0
177.17119017201	0	0	2
171.682207515146	1	1	2
177.086744880971	1	0	0
175.685490805479	1	2	1
178.203088584479	1	1	0
176.242128364181	2	0	0
173.326965857737	1	0	1
175.220454568342	1	0	0
178.270136132866	1	1	0
174.093497399805	0	2	1
178.011265453441	2	1	2
172.202055970499	2	1	2
177.091761997051	1	1	1
174.318005619535	1	0	1
177.073218022963	1	1	2
177.594700734514	1	1	2
177.924810296516	1	1	1
179.978664042969	1	1	0
177.408871314721	1	1	0
179.522612049446	1	2	1
176.120601151352	1	2	1
172.440704554138	1	0	1
178.102169356173	1	1	1
172.92203618588	0	0	0
178.037716221635	2	1	1
177.059998913761	0	1	2
177.311989474425	2	1	0
178.148781067749	0	2	2
173.505453164218	1	1	1
174.986327085471	0	0	1
175.216567415437	1	1	2
176.054317547239	0	0	1
173.506290031342	2	1	0
179.545391633514	0	2	1
175.416387522609	1	1	2
175.386561192299	1	2	1
173.915718362738	1	1	0
173.190865697988	1	1	1
172.158839435338	2	0	0
179.137995394037	1	1	1
172.345332431656	0	0	1
179.357062472619	1	1	2
177.244249586526	1	2	2
179.422841502096	2	0	1
174.506525140325	2	0	0
173.564317544146	2	0	1
175.879183897947	0	1	2
177.900881883418	2	2	2
177.347707105602	1	1	0
178.340759993041	0	1	0
179.16588971852	2	2	2
177.234052865078	1	1	0
176.547399562667	2	0	2
179.717257766771	1	2	2
175.490395383366	0	1	2
176.91618993148	1	1	0
